------------------------ Overall -----------------------------------------------
#datapoints: 318, loglikelihood: -2603.968226

                    state1       state2       state3       state4       state5
         mean      1.31975      5.76037      8.21520     11.14067     14.38776


                    state1       state2       state3       state4       state5
      various      3.70218      0.70367      0.01360      1.15637      3.46706


                    state1       state2       state3       state4       state5
        prior      0.16846      0.05493      0.20267      0.47428      0.09965


trans prob =
                 mu:1.3197    mu:5.7604    mu:8.2152   mu:11.1407   mu:14.3878
    mu:1.3197      0.05275      0.14843      0.26631      0.38082      0.15168
    mu:5.7604  4.65437e-06      0.47950      0.42078      0.09972  3.13699e-11
    mu:8.2152      0.00151      0.10566      0.66688      0.19139      0.03457
   mu:11.1407  1.80682e-14      0.05058      0.43680      0.45496      0.05766
   mu:14.3878  6.73280e-08      0.01695      0.29980      0.34407      0.33918


------------------------ Low Mach ----------------------------------------------
#datapoints: 178, loglikelihood: -1084.843188

                    state1       state2       state3       state4       state5
         mean      1.99293      8.21852      9.17401     10.21230     12.85778


                    state1       state2       state3       state4       state5
      various      6.14123      0.01334     16.77386      0.01108      1.73245


                    state1       state2       state3       state4       state5
        prior      0.19038      0.24100      0.00185      0.17072      0.39605


trans prob =
                 mu:1.9929    mu:8.2185     mu:9.174   mu:10.2123   mu:12.8578
    mu:1.9929      0.00073      0.30782      0.35344      0.10568      0.23233
    mu:8.2185  2.62179e-10      0.66189      0.17597      0.14147      0.02067
     mu:9.174  9.69255e-05      0.61554      0.29255      0.09181  4.90926e-06
   mu:10.2123  9.78599e-10      0.51794      0.12660      0.20353      0.15192
   mu:12.8578      0.00010      0.23244      0.02021      0.34125      0.40599


------------------------ High Mach ---------------------------------------------
#datapoints: 140, loglikelihood: -1184.526802

                    state1       state2       state3       state4       state5
         mean      1.68520      5.73974      8.21048     11.00806     13.05821


                    state1       state2       state3       state4       state5
      various      4.28786      0.72883      0.01393      1.08197      3.62546


                    state1       state2       state3       state4       state5
        prior      0.19854      0.06587      0.15514      0.34928      0.23117


trans prob =
                 mu:1.6852    mu:5.7397    mu:8.2105   mu:11.0081   mu:13.0582
    mu:1.6852      0.09541      0.17232      0.24218      0.27809      0.21199
    mu:5.7397  2.14448e-06      0.55127      0.37681      0.07191  9.85439e-18
    mu:8.2105      0.00406      0.12999      0.66778      0.16482      0.03336
   mu:11.0081  7.12916e-16      0.05607      0.49705      0.42106      0.02582
   mu:13.0582      0.00100      0.01161      0.19278      0.21443      0.58018


------------------------ Prosocial ---------------------------------------------
#datapoints: 120, loglikelihood: -1120.629465

                    state1       state2       state3       state4       state5
         mean      1.77272      6.47038      8.22068     11.16887     13.67464


                    state1       state2       state3       state4       state5
      various      4.97033      3.88931      0.01369      1.14735      4.28287


                    state1       state2       state3       state4       state5
        prior      0.20844  9.47296e-08      0.14853      0.46093      0.18210


trans prob =
                 mu:1.7727    mu:6.4704    mu:8.2207   mu:11.1689   mu:13.6746
    mu:1.7727      0.16878      0.00609      0.23650      0.15556      0.43307
    mu:6.4704  8.76259e-09      0.51851      0.47577      0.00572  3.59623e-09
    mu:8.2207  3.19840e-06      0.10582      0.66905      0.16976      0.05536
   mu:11.1689  3.81871e-12      0.01604      0.43812      0.48236      0.06348
   mu:13.6746  6.06088e-06      0.06918      0.21321      0.23968      0.47793

------------------------ Individualism -----------------------------------------
#datapoints: 198, loglikelihood: -1475.139876

                    state1       state2       state3       state4       state5
         mean      1.35832      5.76043      8.21208     11.00640     13.51135


                    state1       state2       state3       state4       state5
      various      3.76983      0.70505      0.01351      1.09032      4.00987


                    state1       state2       state3       state4       state5
        prior      0.14770      0.08478      0.23519      0.38690      0.14543


trans prob =
                 mu:1.3583    mu:5.7604    mu:8.2121   mu:11.0064   mu:13.5113
    mu:1.3583      0.03497      0.17056      0.27401      0.40102      0.11944
    mu:5.7604  1.26750e-13      0.53022      0.41333      0.05645  9.83295e-08
    mu:8.2121  3.24955e-24      0.11746      0.66417      0.17941      0.03896
   mu:11.0064  3.36991e-24      0.06294      0.47514      0.42484      0.03709
   mu:13.5113  3.33001e-28  1.19347e-05      0.33959      0.26715      0.39325


------------------------ Age < 28 ----------------------------------------------
#datapoints: 66, loglikelihood: -512.844089

                    state1       state2       state3       state4       state5
         mean      4.99822      6.17818      8.21422     11.39582     12.26163


                    state1       state2       state3       state4       state5
      various     17.90926      0.01171      0.01399      1.42331      6.87001


                    state1       state2       state3       state4       state5
        prior      0.25051      0.07137      0.21969      0.32850      0.12993


trans prob =
                 mu:4.9982    mu:6.1782    mu:8.2142   mu:11.3958   mu:12.2616
    mu:4.9982      0.48938      0.02598      0.44463  1.83297e-05      0.03999
    mu:6.1782      0.25688      0.39150      0.35151  4.66609e-10      0.00010
    mu:8.2142      0.01318      0.16285      0.57143      0.01270      0.23985
   mu:11.3958  2.01587e-13      0.03259      0.29153      0.64479      0.03109
   mu:12.2616      0.01374      0.04832      0.61696      0.11079      0.21019

------------------------ Age [28, 45) ------------------------------------------
#datapoints: 167, loglikelihood: -1351.319461

                    state1       state2       state3       state4       state5
         mean      1.18147      5.89145      8.21803     11.06377     13.57323


                    state1       state2       state3       state4       state5
      various      3.50674      0.51567      0.01342      1.10475      4.23710


                    state1       state2       state3       state4       state5
        prior      0.15374      0.04988      0.17736      0.46477      0.15425


trans prob =
                 mu:1.1815    mu:5.8915     mu:8.218   mu:11.0638   mu:13.5732
    mu:1.1815      0.03597      0.00408      0.28455      0.35235      0.32304
    mu:5.8915  4.71144e-15      0.54627      0.30319      0.15054  5.58788e-41
     mu:8.218  2.47065e-24      0.08802      0.68932      0.19461      0.02805
   mu:11.0638  3.19154e-34      0.04689      0.45250      0.46910      0.03151
   mu:13.5732  5.70981e-17  3.78359e-14      0.20630      0.23768      0.55602

------------------------ Age >= 45 ---------------------------------------------
#datapoints: 81, loglikelihood: -598.756954

                    state1       state2       state3       state4       state5
         mean      2.26142      5.73921      8.21131     11.26587     15.21033


                    state1       state2       state3       state4       state5
      various      5.03557      0.72185      0.01359      1.26445      1.26906


                    state1       state2       state3       state4       state5
        prior      0.21024  1.32960e-08      0.23264      0.48938      0.06775


trans prob =
                 mu:2.2614    mu:5.7392    mu:8.2113   mu:11.2659   mu:15.2103
    mu:2.2614      0.08551      0.41027      0.11364      0.39058  7.26314e-21
    mu:5.7392  8.84767e-21      0.23912      0.70897      0.05191  1.04279e-16
    mu:8.2113  1.87543e-27      0.09107      0.69717      0.17209      0.03967
   mu:11.2659  8.62903e-30      0.03639      0.43422      0.45623      0.07316
   mu:15.2103  3.03274e-72  4.54115e-32      0.42837      0.48149      0.09014



------------------------ Male --------------------------------------------------
#datapoints: 173, loglikelihood: -1397.629741

                    state1       state2       state3       state4       state5
         mean      8.21180      8.21627      9.05592      9.48564     11.35103


                    state1       state2       state3       state4       state5
      various      0.01306      0.01347     30.42577     11.22381      1.33385


                    state1       state2       state3       state4       state5
        prior      0.13917      0.11399      0.31528  9.02527e-05      0.43147


trans prob =
                 mu:8.2118    mu:8.2163    mu:9.0559    mu:9.4856    mu:11.351
    mu:8.2118      0.46027      0.44498  3.05872e-08      0.09475  2.46040e-06
    mu:8.2163      0.37216      0.18237  8.30322e-05      0.38738      0.05800
    mu:9.0559      0.00636      0.27830      0.44315      0.00475      0.26744
    mu:9.4856      0.15966      0.50111      0.07587      0.26336  1.32626e-07
    mu:11.351      0.00398      0.34251      0.09539      0.00994      0.54818

------------------------ Female ------------------------------------------------
#datapoints: 145, loglikelihood: -1279.064096

                    state1       state2       state3       state4       state5
         mean      1.30736      5.77379      8.21616     11.15131     13.31912


                    state1       state2       state3       state4       state5
      various      3.51602      0.69115      0.01398      1.19612      4.48998


                    state1       state2       state3       state4       state5
        prior      0.18702      0.08213      0.13543      0.44988      0.14554


trans prob =
                 mu:1.3074    mu:5.7738    mu:8.2162   mu:11.1513   mu:13.3191
    mu:1.3074  1.99516e-13      0.06320      0.20499      0.44981      0.28201
    mu:5.7738  3.67002e-07      0.56767      0.35429  9.80309e-09      0.07803
    mu:8.2162  2.23152e-16      0.13177      0.61779      0.20002      0.05042
   mu:11.1513  3.17353e-21      0.02984      0.45430      0.49711      0.01875
   mu:13.3191  5.39611e-11      0.07074      0.28449      0.23076      0.41401

------------------------ Below Bachelors ---------------------------------------
#datapoints: 141, loglikelihood: -1217.208238

                    state1       state2       state3       state4       state5
         mean      1.04966      6.24231      8.21697     11.19561     13.92905


                    state1       state2       state3       state4       state5
      various      3.21297      3.39215      0.01359      1.16454      3.85616


                    state1       state2       state3       state4       state5
        prior      0.18056      0.06758      0.22372      0.39589      0.13225


trans prob =
                 mu:1.0497    mu:6.2423     mu:8.217   mu:11.1956    mu:13.929
    mu:1.0497  7.18747e-10      0.14534      0.15440      0.52137      0.17888
    mu:6.2423  1.99045e-05      0.70721      0.29277  7.93576e-09  4.19063e-13
     mu:8.217  3.45118e-06      0.13184      0.65924      0.16944      0.03947
   mu:11.1956  5.63414e-14      0.02660      0.44795      0.48343      0.04202
    mu:13.929  9.65880e-08      0.04526      0.24538      0.25574      0.45362

------------------------ Bachelors ---------------------------------------------
#datapoints: 116, loglikelihood: -1274.851003

                    state1       state2       state3       state4       state5
         mean      4.58639      8.08296      9.54579     12.29712     15.49118


                    state1       state2       state3       state4       state5
      various      8.83888      0.88083      0.91432      0.01174      1.05030


                    state1       state2       state3       state4       state5
        prior      0.20678      0.09732      0.21396      0.41312      0.06881


trans prob =
                 mu:4.5864     mu:8.083    mu:9.5458   mu:12.2971   mu:15.4912
    mu:4.5864      0.51181      0.29254  5.99876e-09      0.13784      0.05781
     mu:8.083      0.00626      0.97923      0.00049      0.01402  5.05230e-11
    mu:9.5458      0.01784      0.21906      0.51453      0.19032      0.05825
   mu:12.2971  2.78779e-07      0.16032      0.51211      0.23575      0.09182
   mu:15.4912  3.26398e-14      0.11118      0.33618      0.36814      0.18450

------------------------ Graduate ----------------------------------------------
#datapoints: 32, loglikelihood: -159.594936

                    state1       state2       state3       state4       state5
         mean      2.07487      8.21604      8.22320     10.21270     11.06449


                    state1       state2       state3       state4       state5
      various      5.85563      0.01293      0.01191     14.34972      1.11117


                    state1       state2       state3       state4       state5
        prior      0.27716      0.21394  5.88210e-14      0.06428      0.44462


trans prob =
                 mu:2.0749     mu:8.216    mu:8.2232   mu:10.2127   mu:11.0645
    mu:2.0749  4.62218e-13      0.38777      0.16332      0.11538      0.33353
     mu:8.216  3.41074e-20      0.80906  4.62195e-05      0.13061      0.06029
    mu:8.2232      0.00888      0.02096  5.12699e-05      0.88213      0.08798
   mu:10.2127  7.37187e-12      0.71545      0.15603      0.12852  5.15508e-09
   mu:11.0645  8.17950e-15      0.34424      0.06587      0.11710      0.47278
