% -- CONSTANTS

% action index -> number items owned by the player
action_index = ...
[ ...
0, 0, 0; ...
0, 0, 1; ...
0, 0, 2; ...
0, 0, 3; ...
0, 1, 0; ...
0, 1, 1; ...
0, 1, 2; ...
0, 1, 3; ...
0, 2, 0; ...
0, 2, 1; ...
0, 2, 2; ...
0, 2, 3; ...
1, 0, 0; ...
1, 0, 1; ...
1, 0, 2; ...
1, 0, 3; ...
1, 1, 0; ...
1, 1, 1; ...
1, 1, 2; ...
1, 1, 3; ...
1, 2, 0; ...
1, 2, 1; ...
1, 2, 2; ...
1, 2, 3; ...
];

% reward index -> reward owned by the player
reward_index = ...
[ ...
0.0; ...
4.1; ...
8.2; ...
12.3; ...
2.0; ...
6.1; ...
10.2; ...
14.3; ...
4.0; ...
8.1; ...
12.2; ...
16.3; ...
0.1; ...
4.2; ...
8.3; ...
12.4; ...
2.1; ...
6.2; ...
10.3; ...
14.4; ...
4.1; ...
8.2; ...
12.3; ...
16.4; ...
];

% info about painting, lamp, record
item_rewards = [0.1, 2.0, 4.1];
num_items = [1, 2, 3];

% agent play order
% 1: 3 * 4.1 + 1 * 2 = 14.3 [0, 1, 3]
% 2: 3 * 4.1 = 12.3 [0, 0, 3]
% 3: 2 * 4.1 + 2 * 2 = 8.4 + 4 = 12.2 [0, 2, 2]
% 4: 2 * 4.1 + 1 * 2 + 1 * 0.1 = 8.4 + 2 + 0.1 = 10.3 [1, 1, 2]
% 5: 2 * 4.1 + 1 * 2 = 10.2 [0, 1, 2]
% 6: 4.1 + 2 * 2 + 0.1 = 8.2 [1, 2, 1]
% 7: 8.2 [1, 2, 1]
% 8: 8.2 [1, 2, 1]
% 9: 8.2 [1, 2, 1]
% total: 3 * 4.1 + 2 * 2 + 1 * 0.1 = 12.3 + 4 + 0.1 = 16.4
agent_actions = [8, 4, 11, 19, 7, 22, 22, 22, 22];
agent_actions_r = [17, 21, 14, 6, 18, 3, 3, 3, 3];
agent_rewards = [14.3, 12.3, 12.2, 10.3, 10.2, 8.2, 8.2, 8.2, 8.2];

% study calculation
mach_keys = ['T+', 'V-', 'V+', 'T-', 'V+', 'T+', 'V+', 'M+', 'V-', ...
  'T+', 'V+', 'T-', 'V-', 'V-', 'T-', 'T-', 'V+', 'T+', 'T-', 'M-'];
svo_s = [100	98	96	94	93	91	89	87	85; ...
         100	94	88	81	75	69	63	56	50; ...
         50	54	59	63	68	72	76	81	85; ...
         50	54	59	63	68	72	76	81	85; ...
         85	87	89	91	93	94	96	98	100; ...
         85	85	85	85	85	85	85	85	85];
svo_o = [50	54	59	63	68	72	76	81	85; ...
         50	56	63	69	75	81	88	94	100; ...
         100	89	79	68	58	47	36	26	15; ...
         100	98	96	94	93	91	89	87	85; ...
         15	19	24	28	33	37	41	46	50; ...
         85	76	68	59	50	41	33	24	15];
       
% -- Features, label, model parameters -- 
% label threshold
mach_thresh = 60;
% hmm
O = 24;
Q = 2;
plot_data_index = 10;