% -- CONSTANTS
action_index = ...
[ ...
0, 0, 0; ...
0, 0, 1; ...
0, 0, 2; ...
0, 0, 3; ...
0, 1, 0; ...
0, 1, 1; ...
0, 1, 2; ...
0, 1, 3; ...
0, 2, 0; ...
0, 2, 1; ...
0, 2, 2; ...
0, 2, 3; ...
1, 0, 0; ...
1, 0, 1; ...
1, 0, 2; ...
1, 0, 3; ...
1, 1, 0; ...
1, 1, 1; ...
1, 1, 2; ...
1, 1, 3; ...
1, 2, 0; ...
1, 2, 1; ...
1, 2, 2; ...
1, 2, 3; ...
];

% painting, lamp, record
item_rewards = [0.1, 2.0, 4.1];
num_items = [1, 2, 3];

% study parameters
mach_keys = ['T+', 'V-', 'V+', 'T-', 'V+', 'T+', 'V+', 'M+', 'V-', ...
  'T+', 'V+', 'T-', 'V-', 'V-', 'T-', 'T-', 'V+', 'T+', 'T-', 'M-'];
svo_s = [100	98	96	94	93	91	89	87	85; ...
         100	94	88	81	75	69	63	56	50; ...
         50	54	59	63	68	72	76	81	85; ...
         50	54	59	63	68	72	76	81	85; ...
         85	87	89	91	93	94	96	98	100; ...
         85	85	85	85	85	85	85	85	85];
svo_o = [50	54	59	63	68	72	76	81	85; ...
         50	56	63	69	75	81	88	94	100; ...
         100	89	79	68	58	47	36	26	15; ...
         100	98	96	94	93	91	89	87	85; ...
         15	19	24	28	33	37	41	46	50; ...
         85	76	68	59	50	41	33	24	15];